1917
1976
1972
1974
2914
1975
1970
1981
2948
1982
1982
1979
1984
2723
1978
1978
1971
1990
1982
2747
1973
1979
2938
2938
1981
1985
1988
2809
1986
1986
1984
1984
1984
1986
1987
1986
1982
1991
2913
1987
1986
1980
1989
1989
1986
1986
2947
2947
2947
2947
1980
2907
2929
1987
1990
2896
1985
1969
1968
1983
1983
1987
1989
1989
1979
1980
1959
1943
1943
1971
1973
1984
1984
2956
1985
1991
2938
1978
1978
1987
1987
1987
1970
1985
1985
1988
1988
1988
1979
2926
2926
2926
2948
2948
2948
2926
1990
1986
1985
2939
1988
1988
1983
1983
1983
1984
1984
1989
1982
1985
1982
1975
1975
1975
1977
1977
1983
1987
1976
1981
1985
1990
1985
1988
2924
1980
1979
1979
1979
1981
2916
1979
1991
1990
1979
1979
2711
1979
1988
1988
1988
1979
1981
1978
1980
2930
2930
2930
2930
2930
2930
2930
2967
2967
2967
1984
1988
1988
1988
1982
2902
1983
1979
1982
1981
2947
1985
1985
1978
1978
1978
1976
1984
1984
1984
1981
2910
2931
2931
2910
1980
1980
1983
1974
1977
1977
2885
2885
2832
2832
1982
1978
1979
1978
1972
1986
1986
1983
1967
1981
2945
2730
2730
1983
1971
1973
1980
1984
1984
1984
2913
1981
1981
1981
1980
1987
1977
1984
1984
1981
1983
1975
1978
1978
1979
1985
1980
1968
1975
1985
1985
1977
1982
1985
2936
2936
2957
2957
1968
1970
1986
2970
2970
1984
1989
1989
1989
2875
2965
1970
1970
1981
1986
1986
1972
1984
1984
1982
1982
1985
2970
2970
2970
1991
1980
1980
2947
1979
1979
1980
1980
1980
1985
1981
1981
1987
1988
1966
2793
2793
1986
1986
1980
1988
1988
1980
2890
2890
1981
1983
2875
1983
2922
1984
1984
1984
1981
2928
1978
1978
1985
1980
1986
1986
1986
1977
1981
1981
1980
1980
1987
1987
1987
1987
1987
1981
2890
1985
1988
1987
1988
1988
1987
1983
1969
1982
1988
1972
1972
1984
1969
1974
1968
1975
1975
2959
2959
1972
1983
1976
1968
1970
1970
1970
1989
2500
1980
2942
2942
1975
1975
1973
1982
2764
2890
2764
2886
2968
1981
1981
3958
1986
1986
1985
2960
1975
2915
1980
1980
2937
2883
2734
2734
1983
1982
1982
1982
1983
1986
1977
1980
1980
1981
1980
1977
2831
2831
1982
1982
1982
1981
1980
1980
2951
2951
2951
2951
2951
1985
1986
1986
1986
1978
2830
2784
2784
2784
2784
2962
2927
2967
2967
1976
1986
1986
1983
1983
1982
2956
2956
2956
1977
1973
1982
1990
1968
1981
1982
1985
1990
1983
1983
2918
2918
2918
1988
1982
1983
1982
1986
1983
1983
1982
1981
1980
1980
1980
1983
1983
1978
1978
1978
1977
1976
2927
2786
2786
1984
2954
2954
2954
1983
1977
1975
1975
1985
1978
1981
1981
1979
1982
1982
1987
1976
1974
1975
1978
1971
1988
1988
1988
1978
1977
1979
1976
1988
1976
1973
1973
1984
1987
2863
1969
1982
2856
1981
1979
1979
1979
1979
1976
1981
2961
2921
1989
1989
2942
1984
1980
1980
1989
1980
2949
2949
1983
1984
1980
1978
1974
2916
1982
1978
1980
1981
2950
2950
1981
2963
2789
2789
2918
1975
1978
1973
1986
1973
1973
1978
1977
1987
1987
1987
1982
1986
1972
3940
1978
2944
2944
1987
1987
1987
1980
1975
1985
3608
1983
1987
1990
1990
1984
1982
1980
1983
1979
1976
1976
1983
1983
1984
1982
1976
1980
1980
1972
1980
1980
1980
2955
1976
1965
2951
1982
1982
1982
2967
1965
1984
1984
1988
1988
1975
1984
1984
1984
1984
2975
2975
2975
1982
1982
1983
1983
1985
1985
1985
1979
1977
1990
1990
2968
2968
2924
2924
2956
2956
2956
2956
1982
1980
1970
1988
2906
1987
1987
1980
1977
2869
2869
2869
2930
1975
1978
1986
1979
2964
2964
2964
2964
1984
1983
1983
1986
1986
1985
1985
1985
3859
1983
2960
2960
1971
1983
1978
1985
1974
1969
1984
1971
1969
1969
1977
1987
1987
1987
1987
2903
1981
1981
1985
1982
1981
1979
1976
1980
1980
1985
1982
1982
1975
1977
1992
1992
1964
2918
2918
2775
2775
2775
1987
3825
1980
1978
1990
1979
1983
2941
2941
2941
1971
1979
2924
2924
2924
2924
1984
1984
1984
1982
1982
1975
1970
2778
1979
1979
1983
1983
1985
1985
1985
1978
1978
1978
1980
1972
1986
1986
1980
1981
1985
2906
1986
1983
1975
1978
1984
1985
1974
1968
1952
1974
1989
1976
1972
1974
1962
1987
1975
1977
1977
1980
1980
2967
2967
2967
2967
1968
1976
1982
2872
2872
2872
1979
1979
1983
2950
2950
2954
1982
1977
2690
2794
1984
1984
1984
1974
1980
1983
1983
1985
1985
1987
1987
1978
1968
2867
1982
1982
1982
1978
2938
1990
1990
1983
1982
1982
2898
1981
1981
1981
1977
2927
1981
1979
1981
1978
1974
1974
1968
1974
1971
2951
2951
1971
1981
1974
1974
1974
2957
2957
2916
2916
2916
1985
1985
1980
1987
2909
1983
1985
1983
1985
2899
2935
1984
1986
1986
1986
1991
1984
1988
1990
1982
1979
1979
2946
2862
1975
2944
1987
1979
1987
2500
1979
1977
1981
2971
1986
1986
1986
1977
1977
1980
1981
2930
1987
1987
1987
1981
1983
1983
1983
1975
1975
1977
1977
1975
1987
1983
1985
1985
1985
1985
1985
1984
2937
2937
1984
1985
2921
1986
2858
1982
1974
2958
1987
1987
1979
1979
1991
1991
1991
1983
1983
1983
1980
1981
2930
1986
1983
1983
3838
1988
1987
2697
2697
2697
1981
1981
1984
1987
2875
1982
1978
1979
1978
1985
2966
1988
1983
1965
2912
2912
1984
1984
1984
1985
1985
2977
1982
1987
1987
1987
1986
1980
1979
1979
1976
1976
2792
1975
1977
1980
1979
1985
1985
1986
1987
1987
1977
1977
1977
1980
1989
1989
1989
1989
1982
2959
2959
1980
1982
1982
1982
1982
1982
1981
1984
1987
1986
1980
1978
1972
1972
1972
1973
2934
1983
3813
1982
1988
2964
2964
2964
1991
1991
1992
1980
1985
2944
1985
1980
1977
1982
1977
2955
2955
2955
2955
1981
1981
1981
1981
1972
1965
1969
1982
1970
1981
1985
1976
1931
2868
2868
1980
2971
2971
1991
1975
1984
2800
1982
2881
2881
1988
2887
2500
2942
1987
1987
1985
2951
1972
1979
1985
1984
1977
1988
1985
1979
1979
1988
1988
1981
1977
1980
1980
1970
2971
2960
1981
1981
1975
1985
2898
1987
1987
1985
2916
1975
2929
1985
1985
1985
1959
2896
1972
1983
1970
2963
2963
1978
1972
1979
1985
1980
1981
1981
1982
1977
1977
1980
1985
1965
1973
1984
1987
2977
1980
1980
1981
1981
1979
1985
1988
1988
1981
1981
1984
1992
1992
1984
1984
1984
1984
1988
1984
2929
1988
1991
1991
1985
1985
1984
1983
1984
1990
1978
1976
1977
2944
2944
1981
1981
1986
1986
1979
1986
2886
2933
1983
1974
1987
1982
1985
1985
2824
1980
1980
1980
1985
1985
1971
1990
1990
1990
2939
1979
1985
1977
1977
1971
1988
1988
1976
1967
1985
1985
2942
2942
2908
2908
1977
1973
2919
1981
1978
1983
1987
1979
1979
1975
1983
1983
1979
1977
1982
1983
1983
1983
1973
1976
1972
1974
1978
1978
1982
1982
1982
1977
1974
1982
1982
2898
2898
1969
1978
2964
1963
1977
1977
1983
1970
1966
1977
1976
1977
2960
1977
1987
1986
1986
1989
1978
1983
1978
1986
1977
1979
1979
1973
1970
1978
1982
1977
1980
1970
1985
1975
1985
1985
1985
1979
1979
1979
1970
2781
1971
1971
1974
2955
2926
1983
1983
2943
1977
1983
1983
1977
1974
1975
1968
1977
2940
1984
1980
1980
2913
1982
2918
2918
2957
1979
1982
1982
1981
1983
1983
1979
1979
1979
1979
1986
1986
1986
1983
2905
1983
1976
1980
1979
3886
3909
1980
1981
1981
2956
2906
2952
2952
1985
1985
1982
1979
1979
1985
1976
1988
2897
2908
1975
1978
1981
1981
1975
1978
1978
1979
1979
2953
2953
1986
2871
1982
2874
2963
2963
1981
1981
1982
2949
1983
1978
1978
1978
1984
1986
1981
1985
1982
1983
1986
1990
1983
1983
1974
2951
1983
1983
1980
1972
1987
1984
1985
1986
1983
1983
1983
1983
1981
1977
1982
2909
1982
1982
2749
2749
2749
2749
1987
1987
1980
2904
2904
2904
2904
1981
1982
1982
1983
1982
2918
1981
2924
2924
1982
1982
1982
1984
1984
1984
2947
2904
1982
1982
2862
1977
1979
2968
2968
2968
2968
2934
1978
2951
2947
1975
1986
1986
1984
2953
1981
1983
1983
1983
1982
1984
1984
1985
1985
1985
1985
1984
1984
2973
2977
1985
2959
1981
1982
1989
2975
1978
2928
2928
1979
1981
1984
1979
1950
1979
1976
1975
1964
1978
1982
1969
1986
1977
1985
1982
1987
1987
1987
1984
1983
1980
1980
1983
1983
1983
1983
1983
1983
1979
1989
1989
1989
1986
1980
1986
1986
1977
1987
1983
3856
2956
2956
1981
1978
1989
1989
1989
2974
1977
1973
1981
1976
1978
1984
1987
1979
1988
1988
1988
1983
1986
1989
2908
1989
1989
1983
2958
2958
2975
1986
1986
1986
1989
2945
1982
1976
1980
1982
1980
1981
2835
1987
2787
2787
2971
2971
1985
1984
1976
1976
2974
2974
2974
1985
1982
2853
1988
2950
1986
1986
1985
1985
1987
1985
1988
1988
2945
1984
1977
1981
1984
1975
1987
2904
2904
2904
1975
1989
2945
2921
2921
2921
1989
1989
1982
1986
1978
1980
1989
1976
2941
2941
1979
1979
1986
1985
1985
1985
1987
1987
1986
1982
1981
1975
1968
1977
1985
1977
1984
1987
1984
1984
1984
1984
1978
1984
1977
1987
1979
1979
1979
2887
1986
1986
2955
1978
1983
1978
1975
1985
1981
1981
2937
2937
2937
1978
1977
1989
2965
1988
1988
1983
1985
1985
2924
2972
2972
1984
1984
2944
1985
1982
2932
2932
2932
1976
1976
2689
1973
1989
1990
1978
2864
2864
2864
1983
1983
1983
1980
1984
1984
1979
1979
1981
1971
2748
1984
2942
2942
2942
1985
1985
1982
1982
1982
1982
1981
1983
1983
1985
1985
1985
1984
1975
1985
1985
1985
1985
1984
1982
1982
1986
1979
1988
1984
1985
1979
1984
1984
1985
2960
2960
1985
3902
1988
1986
1982
1983
1983
1987
1970
1974
1978
1979
1978
1988
1980
1982
1986
1982
1985
1977
1987
2949
1970
1980
1988
2962
1983
1982
1975
1985
1985
2961
1986
1969
1973
1977
1984
2905
1981
1969
1977
1978
1978
1980
1985
1976
2899
2899
1980
1970
1977
1986
1976
1977
1987
1977
2843
1979
1986
1986
1979
1976
1988
1988
2845
2900
2932
1986
1986
1986
1980
1986
1993
1993
1993
1986
1992
1992
1992
2729
1992
1980
2891
2891
2891
2891
1984
1984
1981
1984
1980
1982
1974
1988
1976
1976
1980
1980
2949
2959
1980
1981
1981
1981
1981
1980
1981
1986
1986
2858
2858
1980
1983
2943
1983
1980
1965
1975
1975
2500
1981
1981
1987
1974
1974
1979
2943
1982
1967
1967
1991
1991
1967
3832
3832
3832
1951
1980
1970
1984
1959
1985
1985
1975
2919
1974
1983
1980
1984
1976
2951
1972
1977
1977
1977
1978
1973
1973
1987
1988
1988
1988
1987
1956
2760
1986
2928
1984
1984
1985
1988
1981
1969
1986
1986
1986
1984
1978
1989
1968
2887
2887
2887
2887
1983
2901
1983
1983
2738
1980
1985
1971
1978
1989
1989
1977
1973
1975
1973
1982
1976
1985
2500
2500
1980
1978
1978
1980
1977
1984
1984
2844
2844
1978
1982
1982
1981
1979
1979
1984
1982
1982
1980
1980
1980
1980
1980
1983
1972
2902
2902
2902
1983
1983
1983
1983
1988
1986
1986
1984
1984
1984
1984
1984
1982
1979
1971
1978
1981
1981
1981
1978
1977
1977
1970
1972
1983
1977
1966
1976
1976
1979
1982
1975
1975
1971
2963
2963
1973
1982
2962
1986
2936
2936
1982
1986
1986
1986
1986
1980
1990
1990
1986
2945
2945
1979
1979
2901
1985
1985
1980
1979
1983
1986
1986
2932
1987
1987
1989
1984
1984
1989
1989
1977
1977
1977
1979
1984
1976
1976
2922
1986
2912
2912
1974
2640
2640
2640
1980
1989
2967
2967
1988
1988
1988
1984
1984
2933
1978
1974
1985
1981
1977
1979
1979
1987
1987
1987
1987
1987
1987
1987
1987
3816
1987
1976
1984
1976
1984
1984
1982
1982
1977
2951
1978
1971
1974
1982
1978
1976
1972
1985
1986
2938
2938
2938
2789
1987
1981
2881
2808
2946
2884
1988
1985
1983
2832
1984
2912
1984
2883
2921
2500
2944
1984
2891
2870
1985
1982
2960
2960
2960
2960
1972
2937
1984
2932
1985
1983
1986
1986
2909
2810
1986
1978
1978
3883
3883
3883
2935
1980
1982
2961
1984
2898
2898
2913
1983
1976
1979
1981
1977
1977
2935
2927
1986
1979
1979
1975
1987
1981
1970
1987
1987
1987
2914
2914
1986
1986
1986
2944
1975
1975
2954
2957
2957
2957
1985
2927
2879
2879
1986
1986
1977
2928
2957
2957
4904
