-3
-2
-3
-2
-1
-1
-2
-1
-2
-1
0
0
0
0
0
0
0
0
0
0
0
0
0
0
0
892
0
0
500
949
0
0
-1
0
0
0
0
0
0
0
0
0
0
0
0
0
250
500
500
0
500
898
963
500
500
0
0
0
0
0
0
0
0
0
0
0
0
0
0
0
0
0
0
0
0
0
250
0
0
0
500
500
500
500
947
710
0
-1
-1
-1
-1
0
0
0
0
0
0
0
0
0
0
0
0
0
0
0
0
0
0
0
0
-1
0
0
0
0
0
0
0
0
0
250
685
960
953
940
960
866
500
250
956
500
944
500
500
923
500
0
0
883
500
711
962
965
958
950
937
953
500
946
719
500
951
0
-1
-1
0
0
0
952
951
692
500
-1
-1
-1
-1
0
-1
-1
-2
-2
-2
-2
-2
-2
-2
-1
500
0
-1
-1
0
-1
-1
0
-1
500
500
250
0
0
250
-1
-1
-1
0
0
0
0
250
500
500
0
-1
0
0
949
500
634
0
500
500
960
500
712
500
0
718
0
932
951
945
931
923
500
-1
0
-1
-1
250
953
787
0
0
0
0
-1
-1
-1
-1
-1
-1
-1
-1
-1
-1
0
0
-1
0
0
-1
-1
-1
-1
-1
0
0
0
0
0
250
0
0
0
0
0
0
0
-1
-2
0
0
-1
0
0
0
0
0
0
0
0
0
0
0
0
500
0
709
947
945
939
0
0
500
0
0
0
0
0
0
0
0
0
0
0
0
0
0
0
0
0
0
0
0
0
0
0
0
0
0
0
0
0
0
0
0
0
0
0
0
0
0
0
0
0
0
0
0
0
0
0
0
0
0
0
0
0
0
0
0
0
739
607
500
0
500
250
0
0
-2
-1
500
0
500
0
948
921
957
967
969
953
964
904
970
943
250
0
250
-1
0
500
500
0
0
0
0
0
0
0
0
0
0
0
0
0
0
500
500
0
250
0
500
918
250
500
500
0
0
0
0
0
0
0
0
0
250
0
0
500
500
500
889
500
0
500
500
250
500
500
500
926
500
0
0
0
0
-1
500
0
0
920
500
500
0
250
0
500
500
0
500
500
0
500
722
500
958
954
958
500
0
0
500
500
250
250
250
-2
-2
0
0
0
0
0
0
0
0
0
0
0
0
0
0
0
0
0
0
0
0
0
0
0
0
500
500
0
500
250
500
500
708
688
500
0
0
500
500
0
0
0
0
500
500
250
0
0
0
0
0
0
500
0
0
500
0
0
0
500
0
500
0
0
0
0
0
0
0
0
0
0
0
861
500
500
0
781
710
968
981
967
0
0
0
0
0
0
0
0
0
0
0
0
0
0
0
0
0
500
939
500
500
500
0
0
500
500
250
0
0
0
500
500
0
0
0
0
0
0
250
-3
-1
-1
-2
-2
-2
-1
-2
-1
-1
250
0
-1
250
0
0
0
0
0
0
500
716
971
969
978
980
976
969
958
949
500
250
953
617
0
0
0
250
940
933
250
922
927
972
500
968
907
669
669
500
500
500
500
928
500
500
953
964
960
708
0
0
0
0
0
0
0
0
0
500
500
500
500
500
917
942
500
250
0
0
0
250
0
0
0
0
0
0
0
0
0
0
0
0
0
0
500
947
962
500
937
0
0
500
0
0
0
0
0
0
0
0
0
0
0
0
0
0
0
0
0
0
0
0
0
0
0
500
0
0
0
0
0
0
0
0
0
0
0
0
0
0
0
0
500
0
500
-4
-3
-3
-3
-2
-2
0
0
0
0
0
0
0
0
0
0
0
0
0
0
0
0
0
0
0
0
0
0
0
0
0
0
0
500
250
500
0
0
0
715
934
500
0
609
500
500
0
500
500
0
938
944
682
710
679
500
500
500
0
954
964
952
708
0
0
0
0
-1
0
0
0
0
0
0
0
0
0
0
0
0
0
0
0
0
0
0
0
0
0
500
0
0
0
500
832
500
500
500
941
250
0
500
500
0
0
0
0
0
0
0
0
0
500
500
0
250
250
500
0
0
0
0
0
0
-2
0
0
-1
0
0
0
0
0
0
0
0
0
0
0
0
0
0
0
0
0
0
0
0
0
500
658
717
942
0
0
0
0
0
0
0
0
0
0
0
0
0
0
0
0
0
0
0
0
0
940
943
965
959
500
500
0
500
964
962
971
965
500
0
0
500
944
945
0
0
500
0
500
959
500
0
500
500
500
500
500
920
0
500
0
500
0
-1
0
0
0
500
0
946
0
0
0
500
250
500
500
500
0
0
0
0
0
0
500
500
0
0
0
500
0
0
0
0
250
936
250
500
922
939
500
500
500
0
0
0
0
500
500
500
500
500
0
953
676
500
0
250
960
0
250
0
0
0
0
0
0
0
0
0
0
0
0
0
0
0
0
0
0
0
500
0
0
0
0
500
0
0
0
250
250
0
0
500
250
940
500
0
0
0
0
0
0
0
0
0
0
0
0
0
0
0
0
0
0
0
0
0
0
0
0
0
0
0
0
0
0
0
0
0
0
-1
0
-1
0
-1
-1
0
0
0
250
0
0
0
0
0
0
0
0
0
0
0
500
500
0
250
0
500
500
500
500
954
959
942
949
710
960
965
945
941
950
914
627
959
500
500
974
967
940
727
500
955
953
500
0
500
0
921
932
936
972
500
500
0
0
0
0
0
0
0
0
0
500
714
500
500
0
0
0
0
250
0
500
500
0
0
0
0
0
0
0
0
0
0
0
0
0
0
0
0
0
0
0
0
0
0
0
0
0
0
0
0
0
0
0
0
0
0
500
250
963
500
0
500
-1
250
0
-1
-1
-1
0
-1
-1
-1
-1
-1
0
0
500
0
-1
250
0
0
0
0
0
0
0
718
953
790
500
250
500
0
500
0
634
500
0
0
500
250
500
500
0
0
0
0
0
0
0
0
0
0
0
0
0
0
0
0
0
0
0
0
0
0
0
0
250
0
0
250
0
500
250
0
0
0
0
0
0
0
0
0
0
0
0
0
0
0
0
0
0
0
500
954
955
957
500
500
500
0
500
0
500
500
500
500
500
0
250
-1
-1
-1
500
-1
-2
-1
-1
-1
-1
0
0
0
250
0
0
0
0
250
500
942
0
0
250
250
0
0
500
910
250
952
929
964
500
955
936
956
500
706
957
500
961
500
0
949
500
500
500
512
945
955
950
500
0
0
250
500
964
966
961
895
500
0
500
952
500
937
500
851
500
500
500
500
0
500
950
958
910
500
0
0
500
864
500
726
961
920
500
708
786
500
500
500
0
500
958
660
500
704
948
939
500
500
0
500
0
0
0
500
0
-1
0
0
0
0
0
0
0
0
0
0
0
0
0
0
0
0
0
0
0
0
0
0
0
0
0
0
250
0
0
0
500
958
966
959
966
967
709
-1
500
952
500
250
500
929
955
500
0
500
943
949
961
960
709
500
500
500
500
250
500
500
500
500
-1
250
500
500
500
500
667
973
500
500
500
500
956
857
500
709
974
964
959
962
964
940
500
923
698
500
950
927
500
677
500
623
500
500
500
500
500
935
970
965
962
959
969
951
500
900
955
937
705
500
500
500
500
500
250
0
0
0
0
0
0
500
953
967
979
939
500
250
500
500
704
939
500
908
500
968
966
940
500
0
0
500
500
947
964
649
649
706
500
962
500
500
250
0
0
0
0
0
0
0
0
0
0
0
0
0
0
708
0
500
0
0
0
0
698
500
774
500
0
0
0
500
695
958
941
937
958
947
947
500
500
500
939
951
500
888
0
500
957
500
0
0
0
0
0
0
0
0
0
0
0
695
930
0
0
500
716
0
0
0
500
500
500
500
500
718
500
500
500
0
250
0
500
500
0
500
500
250
500
500
0
0
0
0
0
0
0
0
0
0
0
500
500
500
0
500
500
500
0
250
0
0
0
0
0
500
500
500
957
500
500
500
500
500
500
-1
0
0
0
0
500
0
0
0
0
500
500
0
0
0
0
0
0
642
500
500
500
912
961
500
955
0
0
0
-2
0
0
-2
0
0
0
0
0
0
0
0
0
0
0
0
0
0
0
0
939
500
952
500
954
956
795
955
959
500
500
964
948
957
500
500
0
500
500
500
500
500
0
0
0
0
0
0
500
0
0
500
500
500
500
500
500
500
250
0
500
0
500
0
-1
0
0
0
0
500
704
0
500
500
934
250
0
0
250
-1
-2
0
0
0
0
0
0
0
0
0
0
0
0
0
0
0
0
-1
-1
-1
-1
-1
0
0
-1
-3
-1
-1
0
-1
0
0
0
0
0
0
0
0
0
0
0
0
0
0
0
0
250
0
0
500
500
0
0
500
250
500
0
500
948
0
0
500
500
500
500
-1
938
940
0
-1
711
-1
-1
250
-2
-1
500
550
0
0
0
0
0
0
0
0
500
0
0
0
0
709
0
0
500
787
500
-2
-2
-3
-2
-1
-1
-1
-1
-1
-1
-1
-1
-1
-1
-1
-1
0
0
0
0
0
0
0
0
0
0
0
0
0
0
0
0
0
0
0
500
250
936
500
-1
-2
-1
0
0
-1
0
-1
0
-1
-1
0
0
0
0
0
500
500
673
0
500
250
0
0
0
250
500
0
0
0
0
0
0
0
0
0
500
500
500
500
929
250
250
0
0
0
0
0
0
-1
-1
0
0
0
0
0
0
0
0
0
0
0
0
0
0
0
0
500
500
500
500
500
500
500
250
0
0
0
0
500
500
0
0
0
0
-1
0
0
250
0
0
0
0
0
0
0
500
500
500
938
949
0
0
0
500
941
957
942
938
500
972
958
500
588
500
956
943
500
0
960
500
500
500
500
681
-1
0
500
930
965
962
957
957
943
688
-1
927
712
976
980
979
978
964
971
962
969
702
500
956
975
953
955
954
962
952
955
957
500
250
663
950
0
0
940
907
716
500
500
500
0
-1
0
0
0
0
0
0
0
0
0
0
0
0
0
0
0
0
0
0
0
0
250
500
680
877
500
0
0
0
0
0
0
0
0
0
