sklad [25, 13]:
prijem_ovocia: ovocie1 (3ks 9) = 3x
prijem_ovocia: ovocie1 (3ks 1) = 3x
prijem_ovocia: ovocie2 (3ks 8) = 3x
prijem_ovocia: ovocie3 (3ks 2) = 3x
prijem_ovocia: ovocie4 (3ks 7) = 3x
prijem_ovocia: ovocie5 (3ks 3) = 3x
prijem_ovocia: ovocie6 (3ks 6) = 3x
prijem_ovocia: ovocie7 (3ks 4) = 3x
prijem_ovocia: ovocie8 (3ks 5) = 3x
prijem_ovocia: ovocie9 (3ks 5) = 3x
prijem_ovocia: ovocie10 (3ks 4) = 3x
prijem_ovocia: ovocie11 (3ks 6) = 3x
prijem_ovocia: ovocie12 (3ks 3) = 3x
prijem_ovocia: ovocie13 (3ks 7) = 3x
prijem_ovocia: ovocie14 (3ks 2) = 3x
prijem_ovocia: ovocie15 (3ks 8) = 3x
prijem_ovocia: ovocie16 (3ks 1) = 3x
prijem_ovocia: ovocie17 (3ks 9) = 3x
prijem_ovocia: ovocie18 (3ks 2) = 3x
prijem_ovocia: ovocie19 (3ks 3) = 3x
prijem_ovocia: ovocie20 (3ks 4) = 3x
prijem_ovocia: ovocie21 (3ks 5) = 2x
prijem_ovocia: ovocie22 (3ks 2) = 3x
prijem_ovocia: ovocie23 (3ks 1) = 3x
prijem_ovocia: ovocie24 (4ks 1) = 4x

ovocie1: 0
ovocie2: 8
ovocie3: 16
ovocie4: 24
ovocie5: 32
ovocie6: 40
ovocie7: 48
ovocie8: 56
ovocie9: 64
ovocie10: 72
ovocie11: 81
ovocie12: 90
ovocie13: 99
ovocie14: 108
ovocie15: 117
ovocie16: 126
ovocie17: 135
ovocie18: 144
ovocie19: 153
ovocie20: 162
ovocie21: 171
ovocie22: 180
ovocie23: 189
ovocie24: 198

======================================
Rolka A:
  0  1  2  3  4  5  6  7  8  9 10 11 12 13 14 15 16 17 18 19 20 21 22 23 24 25 26 27 28 29 30 31 32 33 34 35 36 37 38 39 40 41 42 43 44 45 46 47 48 49 50 51 52 53 54 55 56 57 58 59 60 61 62 63 64 65 66 67 68 69 70 71 72 73 74 75 76 77 78 79 80 81 82 83 84 85 86 87 88 89 90 91 92 93 94 95 96 97 98 99  0  1  2  3  4  5  6  7  8  9 10 11 12 13 14 15 16 17 18 19 20 21 22 23 24 25 26 27 28 29 30 31 32 33 34 35 36 37 38 39 40 41 42 43 44 45 46 47 48 49 50 51 52 53 54 55 56 57 58 59 60 61 62 63 64 65 66 67 68 69 70 71 72 73 74 75 76 77 78 79 80 81 82 83 84 85 86 87 88 89 90 91 92 93 94 95 96 97 98 99  0  1  2  3  4  5
  o  v  o  c  i  e  1    o  v  o  c  i  e  2    o  v  o  c  i  e  3    o  v  o  c  i  e  4    o  v  o  c  i  e  5    o  v  o  c  i  e  6    o  v  o  c  i  e  7    o  v  o  c  i  e  8    o  v  o  c  i  e  9    o  v  o  c  i  e  1  0    o  v  o  c  i  e  1  1    o  v  o  c  i  e  1  2    o  v  o  c  i  e  1  3    o  v  o  c  i  e  1  4    o  v  o  c  i  e  1  5    o  v  o  c  i  e  1  6    o  v  o  c  i  e  1  7    o  v  o  c  i  e  1  8    o  v  o  c  i  e  1  9    o  v  o  c  i  e  2  0    o  v  o  c  i  e  2  1    o  v  o  c  i  e  2  2    o  v  o  c  i  e  2  3    o  v  o  c  i  e  2  4

Rolka B: 9 0 0 4 |4| 9 1 0 8 |8| 9 2 0 12 |12| 1 0 9 16 |16| 1 0 10 20 |20| 1 0 11 -1 |24| 8 3 0 28 |28| 8 4 0 32 |32| 8 5 0 -1 |36| 2 1 9 40 |40| 2 1 11 44 |44| 2 2 9 -1 |48| 7 6 0 52 |52| 7 7 0 56 |56| 7 8 0 -1 |60| 3 3 8 64 |64| 3 4 8 68 |68| 3 5 8 -1 |72| 6 6 7 76 |76| 6 7 7 80 |80| 6 8 7 -1 |84| 4 9 0 88 |88| 4 9 4 92 |92| 4 9 8 -1 |96| 5 10 0 100 |100| 5 10 5 104 |104| 5 11 0 -1 |108| 5 11 5 112 |112| 5 12 0 116 |116| 5 12 5 -1 |120| 4 13 0 124 |124| 4 13 4 128 |128| 4 13 8 -1 |132| 6 14 0 136 |136| 6 14 6 140 |140| 6 15 0 -1 |144| 3 10 10 148 |148| 3 11 10 152 |152| 3 12 10 -1 |156| 7 15 6 160 |160| 7 16 0 164 |164| 7 17 0 -1 |168| 2 2 11 172 |172| 2 3 11 176 |176| 2 4 11 -1 |180| 8 18 0 184 |184| 8 19 0 188 |188| 8 20 0 -1 |192| 1 0 12 196 |196| 1 5 11 200 |200| 1 5 12 -1 |204| 9 21 0 208 |208| 9 22 0 212 |212| 9 23 0 -1 |216| 2 16 7 220 |220| 2 16 9 224 |224| 2 16 11 -1 |228| 3 17 7 232 |232| 3 17 10 236 |236| 3 18 8 -1 |240| 4 19 8 244 |244| 4 20 8 248 |248| 4 21 9 -1 |252| 5 24 0 256 |256| 5 24 5 -1 |260| 2 18 11 264 |264| 2 22 9 268 |268| 2 22 11 -1 |272| 1 9 12 276 |276| 1 13 12 280 |280| 1 14 12 -1 |284| 1 19 12 288 |288| 1 20 12 292 |292| 1 23 9 296 |296| 1 23 10 -1 |300| 

sklad [25, 13]:
  0   0   0   0   0   0   0   0   0   0   0   0 126 
  0   0   0   0   0   0   0   0   0  16  16  16  16 
  0   0   0   0   0   0   0   0   0  16  16 108 108 
  8   8   8   8   8   8   8   8  32  32  32 108 108 
  8   8   8   8   8   8   8   8  32  32  32 108 108 
  8   8   8   8   8   8   8   8  32  32  32 126 126 
 24  24  24  24  24  24  24  40  40  40  40  40  40 
 24  24  24  24  24  24  24  40  40  40  40  40  40 
 24  24  24  24  24  24  24  40  40  40  40  40  40 
 48  48  48  48  48  48  48  48  48  48  48  48 189 
 56  56  56  56  56  56  56  56  56  56  90  90  90 
 56  56  56  56  56  64  64  64  64  64  90  90  90 
 64  64  64  64  64  64  64  64  64  64  90  90  90 
 72  72  72  72  72  72  72  72  72  72  72  72 189 
 x81 x81 x81 x81 x81 x81 81  81  81  81  81  81 189 
 81  81  81  81  81  81 x99 x99 x99 x99 x99 x99 x99 
 99  99  99  99  99  99  99 144 144 144 144 144 144 
 99  99  99  99  99  99  99 153 153 153 153 153 153 
117 117 117 117 117 117 117 117 153 153 153 180 180 
117 117 117 117 117 117 117 117 162 162 162 162 198 
117 117 117 117 117 117 117 117 162 162 162 162 198 
135 135 135 135 135 135 135 135 135 162 162 162 162 
135 135 135 135 135 135 135 135 135 180 180 180 180 
135 135 135 135 135 135 135 135 135 198 198 --- --- 
171 171 171 171 171 171 171 171 171 171 --- --- --- 

Pamat Snehulienky:
<"ovocie1" 0 20>
<"ovocie2" 24 32>
<"ovocie3" 36 44>
<"ovocie4" 48 56>
<"ovocie5" 60 68>
<"ovocie6" 72 80>
<"ovocie7" 84 92>
<"ovocie8" 96 104>
<"ovocie9" 108 116>
<"ovocie10" 120 128>
<"ovocie11" 132 140>
<"ovocie12" 144 152>
<"ovocie13" 156 164>
<"ovocie14" 168 176>
<"ovocie15" 180 188>
<"ovocie16" 192 200>
<"ovocie17" 204 212>
<"ovocie18" 216 224>
<"ovocie19" 228 236>
<"ovocie20" 240 248>
<"ovocie21" 252 256>
<"ovocie22" 260 268>
<"ovocie23" 272 280>
<"ovocie24" 284 296>
======================================

